<?xml version="1.0" standalone="no"?>
<!DOCTYPE svg PUBLIC "-//W3C//DTD SVG 20010904//EN"
 "http://www.w3.org/TR/2001/REC-SVG-20010904/DTD/svg10.dtd">
<svg version="1.0" xmlns="http://www.w3.org/2000/svg"
 width="200.000000pt" height="200.000000pt" viewBox="0 0 200.000000 200.000000"
 preserveAspectRatio="xMidYMid meet">

<g transform="translate(0.000000,200.000000) scale(0.100000,-0.100000)"
fill="#000000" stroke="none">
<path d="M0 1000 l0 -1000 1000 0 1000 0 0 1000 0 1000 -1000 0 -1000 0 0
-1000z m1312 156 c82 -39 136 -134 125 -218 -8 -60 -51 -124 -105 -155 l-47
-28 -310 0 c-298 0 -312 1 -350 22 -76 41 -115 105 -115 191 0 64 34 128 89
167 42 30 44 30 214 36 292 11 456 6 499 -15z"/>
<path d="M1140 1013 c-41 -25 -79 -48 -84 -53 -7 -7 12 -48 39 -88 2 -3 98 51
153 85 l23 14 -22 37 c-12 20 -25 40 -28 43 -3 4 -40 -13 -81 -38z"/>
<path d="M711 1014 c-12 -19 -21 -38 -21 -42 1 -8 157 -98 166 -95 4 1 17 19
30 41 l24 40 -80 46 c-44 25 -84 46 -89 46 -5 0 -18 -16 -30 -36z"/>
</g>
</svg>
